2	2
4	4	

GAUSSMF	-9.771525179	3.08163511	GAUSSMF	-9.052332728	13.69841033	
0	-4.658600387	-0.004382666231	

GAUSSMF	-8.336735384	14.41597512	GAUSSMF	6.714480842	4.066166962	
0.0002	-5.694835096	0	

GAUSSMF	12.57083097	9.161276191	GAUSSMF	-12.98493611	11.04429574	
0.00047	-3.013906369	0.003852790387	

GAUSSMF	7.047153859	11.3567144	GAUSSMF	15.07442624	10.28615835	
0.00044	-2.617256037	0.001549938772	

GAUSSMF	-6.012055886	16.10248838	GAUSSMF	-9.697453164	13.86884947	
0.0004	1.831640165	-8.42434416	

GAUSSMF	-13.53243302	10.59413634	GAUSSMF	12.43251263	17.61167932	
0.0003189339965	0.3397280578	-5.211748013	

GAUSSMF	3.882136203	11.96208443	GAUSSMF	-15.57189179	15.40617326	
0	1.317970612	-9.156514073	

GAUSSMF	18.15973798	9.172742986	GAUSSMF	14.81384186	18.32274269	
-0.000504	2.060488092	-2.807485496	

-30	30
-30	30

-100	100
-100	100

