4	2
10	10	

GAUSSMF	-14.14532218	13.7703698	GAUSSMF	-13.37381595	13.4844703	GAUSSMF	-13.84771566	14.68704324	GAUSSMF	-13.06937211	14.61460303	
-16.74257116	1.929064054	1.260974832	-0.113772215	-0.2354256254	

GAUSSMF	-11.15312218	14.02614418	GAUSSMF	-11.57470348	13.70487428	GAUSSMF	-10.56372409	14.31452371	GAUSSMF	-10.75225274	14.60086954	
-12.7969282	-0.3389345121	2.436557377	1.466861654	-0.08214125615	

GAUSSMF	-6.010170181	15.12509994	GAUSSMF	-7.046722908	14.12973274	GAUSSMF	-6.847327452	13.95197106	GAUSSMF	-5.241854405	14.9775015	
-13.46733544	1.130602987	1.012372488	1.574404195	-1.130139082	

GAUSSMF	-4.679384912	15.09193518	GAUSSMF	-5.535077951	14.13122922	GAUSSMF	-5.689258753	13.88942242	GAUSSMF	-4.058046423	15.01597545	
-8.27064028	0.2322926341	1.993120887	-0.5069328502	0.5060931482	

GAUSSMF	-0.6802710058	13.51661406	GAUSSMF	-3.666277202	12.43543176	GAUSSMF	-1.62008119	13.89355588	GAUSSMF	-2.593952992	14.12607395	
-11.48374501	0.6169124985	1.357344083	0.4228850553	-0.4980361364	

GAUSSMF	2.153519061	14.20972631	GAUSSMF	3.845201576	13.58216938	GAUSSMF	2.595581851	13.69636201	GAUSSMF	1.481257362	14.73731135	
5.292219279	1.286821842	1.451868055	0.7802481584	0.8417832738	

GAUSSMF	2.093109988	14.25756394	GAUSSMF	3.71171971	13.92716292	GAUSSMF	2.210304588	13.80319797	GAUSSMF	2.551384858	14.9574131	
8.354964041	0.04767424723	0.5359213433	0.4585646822	-2.199183288	

GAUSSMF	7.535622338	14.83713687	GAUSSMF	7.686986561	14.30800396	GAUSSMF	7.097515538	14.10480019	GAUSSMF	7.092651611	15.05399123	
17.60549267	-0.932502154	2.021042858	-0.3995207354	0.421428233	

GAUSSMF	8.738441586	15.06095253	GAUSSMF	9.095437683	14.55691837	GAUSSMF	9.242625222	13.66205454	GAUSSMF	8.27424041	15.04528216	
18.54942775	2.204546139	2.053653989	0.9166872624	-0.8936893892	

GAUSSMF	11.50728121	14.34591204	GAUSSMF	12.51663864	14.51140657	GAUSSMF	13.0786767	14.65533734	GAUSSMF	11.71247552	15.87468231	
11.08009291	0.5507076132	1.370752864	1.255385444	0.03455757333	

GAUSSMF	-18.64942585	9.254669188	GAUSSMF	-14.6767099	12.02950401	GAUSSMF	-17.17275484	11.10389624	GAUSSMF	-22.61873031	3.590061642	
0.4732410473	-3.815608441	-4.108439082	-2.743799579	-4.697488046	

GAUSSMF	-18.50365295	8.884279738	GAUSSMF	-5.404041654	4.494039983	GAUSSMF	-16.66005861	10.21213108	GAUSSMF	-19.84046841	8.464747634	
5906.485093	130.4201227	-68.0229665	222.3826669	244.4403197	

GAUSSMF	-7.262771166	17.20270993	GAUSSMF	-17.59387422	12.70958227	GAUSSMF	-6.318083113	16.33275427	GAUSSMF	-7.282699147	17.36585865	
3203.897287	10.98774183	-698.3583345	-34.49296864	14.80701319	

GAUSSMF	-6.815468263	17.19972664	GAUSSMF	-9.739908846	7.28842491	GAUSSMF	-6.480847108	16.30768551	GAUSSMF	-6.779591425	17.35050712	
-3038.896454	10.84980295	52.72422639	15.3308782	10.29756534	

GAUSSMF	1.04829943	17.50880275	GAUSSMF	1.842815115	10.6870032	GAUSSMF	1.203455968	17.79630479	GAUSSMF	1.124103334	17.43466257	
-5624.61691	-99.9980065	1058.550265	-37.33335342	-109.1974191	

GAUSSMF	1.206260077	17.51486068	GAUSSMF	7.62904215	21.22180193	GAUSSMF	1.237991404	17.80983814	GAUSSMF	1.293992433	17.44671234	
-449.0474736	-14.95977135	-874.831162	-7.836820468	-17.13027763	

GAUSSMF	1.277583978	17.4923405	GAUSSMF	3.070454407	11.50148809	GAUSSMF	1.374616451	17.7798016	GAUSSMF	1.365385932	17.42746068	
6360.488054	110.0637003	-369.9894747	39.23273843	121.0776997	

GAUSSMF	12.10229667	11.78694485	GAUSSMF	9.970240848	5.656297931	GAUSSMF	10.68246154	12.39168979	GAUSSMF	12.427186	11.48046233	
2131.268457	27.73669206	-168.063098	32.0065277	30.41735182	

GAUSSMF	13.58822272	11.97394657	GAUSSMF	18.41392091	10.65211623	GAUSSMF	11.92124289	12.71400596	GAUSSMF	13.61078189	11.59923061	
-5763.385678	87.98667732	-514.7310179	19.19111445	62.35120807	

GAUSSMF	17.91170642	11.22401183	GAUSSMF	14.95470028	10.85532271	GAUSSMF	20.20244535	9.483052811	GAUSSMF	19.51129144	10.77004526	
945.4337903	-122.1052712	-291.674038	199.2465462	-105.765154	

-30	30
-30	30
-30	30
-30	30

-1000	1000
-1000	1000

